43
18,197,56
23,179,121
26,214,198
27,144,126
58,164,149
61,188,139
64,128,231
65,67,205
91,223,94
94,145,234
94,237,114
150,194,192
158,295,175
255,271,296
6050,6051,6052
6053,6054,6055
208,375,447,383
222,227,582,325
234,505,413,485
259,409,299,558
293,528,460,587
303,395,500,542
338,564,501,382
6002,6003,6007,6006
513,1226,1160,521,1245
551,569,748,708,575
628,1077,1143,826,757
652,1190,1129,993,961
745,1124,1066,799,835
1010,1129,1067,1163,1162
1005,1359,2246,1436,1594,1375
1115,2393,2043,2276,1466,1889
1192,1755,2061,2142,2027,2171
1195,1931,2354,1697,2099,1574
1436,1710,2113,2165,2250,2052
6001,6002,6003,6007,6006,6005
6002,6003,6004,6008,6007,6006
2311,2824,4463,3871,3926,3610,4892
2323,3967,2515,3059,4589,4785,3902
2395,2541,2633,4954,3847,4426,4898
2563,3761,3196,3635,3586,4098,4407
2651,3516,4699,4210,3055,3004,3367
2666,4459,3708,3490,2934,3453,4281
